0.027587	0.15000000000000013
2.9492	0.938817131203263
27.065	0.9854745712596097
0.011718	0.0
0.049804	0.20454545454545442
0.98046	0.8848920863309353
0.11621	0.36697247706422004
0.023414	0.06250000000000006
0.10595	0.47474747474747475
0.047973	0.19512195121951229
0.017883	0.08333333333333326
11.88	0.10040705563093626
1.7636	0.006912442396313434
10.233	0.49208845208845203
6.5092	0.0558823529411765
0.25436	0.0
6.163	0.11871622728017031
7.0241	0.05364590824104698
15.418	0.07576550641193407
5.512	0.04707821945411248
0.99804	0.009164969450101841
15.345	0.3529257584693008
1.7121	0.018485390578413915
14.733	0.19377777777777783
12.975	0.6828872040847902
8.579	0.034992954438703594
12.26	0.1571346516780176
4.7	0.09371015724606885
9.4492	0.05565644696079474
1.324	0.021423106350420832
2.179	0.015806601580660277
9.0377	0.042657733109994454
1409.0	0.9741879054088564
7.5214	0.7660568834290292
170.06	0.9298678071997127
1660.6	0.9802881025221015
97.02	0.9387607771956601
240.12	0.9528909885476945
109.22	0.9243153101148098
284.45	0.9641922779379704
7.8051	0.7685578283802909
523.93	0.9725357382857841
1.1914	0.35914893617021265
1785.9	0.978833910765094
89.767	0.925645999152788
622.4	0.9617369281229562
157.12	0.9208587277023111
23.342	0.8500107319167204
231.93	0.9268712471530125
1276.2	0.979123225626981
3.9389	0.7471938775510205
2.1386	0.7124705882352942
445.26	0.9578447493508011
48.511	0.8797003343377223
429.38	0.9670029654235803
8.2431	0.7167947310647639
26.365	0.8295947076267964
39.827	0.8864024942170371
2.0058	0.6604814443329989
0.44506	0.32643678160919537
0.25976	0.05263157894736847
168.66	0.9391275462386257
1628.6	0.9797587979195707
1104.2	0.975101490704158
355.47	0.9601046766841128
2.706	0.7065823726292302
8.6533	0.741471339057786
30.469	0.8698024520921671
80.12	0.9072045173460592
746.72	0.975011920771073
21.704	0.8298235891752102
782.83	0.9656876586730176
42.326	0.873592582079667
3.1595	0.7054707379134859
19.145	0.8407663316582914
923.0	0.9696467638348754
2.1535	0.6582515194015895
2.0242	0.692537313432836
8.4096	0.7485065710872162
12.282	0.8312780726827279
266.78	0.9595622145733503
1.1455	0.023255813953488292
3.5937	0.06619718309859152
0.091064	0.024096385542168672
0.10205	0.021052631578947385
18.971	0.2554264182985724
0.53027	0.09266409266409263
5.6953	0.15593220338983044
6.4599	0.1025199561746753
1.108	0.10192837465564737
42.753	0.10146157472890156
1.663	0.06955460646735814
3.3969	0.1781109445277361
3.9687	0.016845329249617222
2.1289	0.07765602667937109
0.024414	0.0
1.2035	0.13524936601859672
1.1003	0.1388888888888889
7.413	0.12322015334063523
0.050537	0.0
0.19921	0.03141361256544505
0.02539	0.052631578947368376
0.33691	0.06422018348623859
0.1311	0.03278688524590167
1320.0	0.947091943545949
52.918	0.26316690442225377
0.56933	0.10431654676259002
0.55969	0.11538461538461547
25.204	0.2916200671033711
45.843	0.37666300768386385
3.0312	0.2831445702864757
0.40855	0.1457286432160804
9.6923	0.37931392931392927
74.849	0.1885025660316522
9.7734	0.36137135797384956
0.024414	0.0
70.013	0.15728169318263624
107.22	0.23296546680293673
0.044921	0.026315789473684233
0.25317	0.07346938775510199
0.040039	0.0
2.6308	0.4652591170825336
1.2894	0.2924528301886791
1.1538	0.7565674255691769
0.036132	0.0384615384615385
0.035522	0.06896551724137934
0.02246	0.06666666666666661
0.037353	0.09677419354838707
34.318	0.9496981891348089
1.4596	0.8144827586206898
0.028544	0.0454545454545455
0.062011	0.18181818181818185
10.888	0.8695692194403534
42.202	0.9197779780824517
0.1467	0.1654676258992806
27.076	0.9327047513403587
14.839	0.9119989202321502
0.65307	0.7127329192546583
228.14	0.9630514657523436
0.012695	0.0
2.2712	0.8349557522123894
0.214	0.3285024154589372
0.72265	0.7335203366058906
0.12158	0.21929824561403516
0.033203	0.11111111111111122
0.25097	0.3842975206611569
13.78	0.8383294528521539
0.042968	0.05405405405405401
0.028564	0.09523809523809532
0.019287	0.0
511.94	0.9846601076840122
0.032226	0.11111111111111108
0.029785	0.0869565217391303
0.076171	0.22857142857142865
236.8	0.9599817503601347
0.031738	0.040000000000000036
0.064453	0.0701754385964913
0.25634	0.4193548387096773
8.6245	0.24838596079352032
12.344	0.14162277814351545
1.5097	0.14919354838709684
2.9189	0.1016302462712452
72.466	0.706397241111865
5.385	0.23648012059543985
2.0976	0.25797101449275367
0.57031	0.08944543828264766
0.1562	0.08053691275167774
40.37	0.6215091801400066
1.1953	0.1586089906700594
5.6787	0.37517806267806264
1.0347	0.22254901960784312
2.707	0.24514200298953662
0.089111	0.04819277108433739
0.23242	0.11160714285714284
0.45605	0.1233183856502242
32.319	0.6634938409854423
0.36059	0.10000000000000009
0.6779	0.11295180722891576
0.18115	0.06432748538011701
0.31249	0.10763888888888896
7.2358	0.2378295438694379
30.557	0.4853241197762422
0.61572	0.07462686567164185
0.89453	0.08295454545454553
0.54394	0.022641509433962283
0.33105	0.028125000000000025
298.7	0.6716833385380464
68.512	0.48765776342823597
0.11328	0.01923076923076925
0.44628	0.03464203233256354
0.061035	0.0
1.2114	0.16930775646371982
0.065429	0.0
2.8498	0.19361702127659577
2.2783	0.17043941411451394
0.084228	0.012987012987012998
0.027372	0.0
1.4157	0.080945558739255
1.65	0.17137592137592148
0.07312	0.01492537313432837
0.11621	0.009174311926605385
2.4531	0.18208092485549124
2.8647	0.1545518701482004
0.079101	0.013888888888888902
0.066406	0.01724137931034484
0.046386	0.02499999999999985
1.075	0.09735349716446133
0.025451	0.0
0.0312	0.0
0.094726	0.023255813953488396
0.1123	0.0384615384615385
0.22656	0.027777777777777804
0.055664	0.0
0.024414	0.0
7.6005	0.447378898473789
0.037109	0.038461538461538367
0.24534	0.41596638655462187
0.09929	0.14130434782608695
0.077392	0.14084507042253525
8.4726	0.9244144783534421
0.61914	0.7175697865353037
0.17346	0.3712574850299401
126.2	0.9682528364074288
0.037536	0.06666666666666674
69.506	0.9815489126523799
0.52856	0.7071290944123314
0.75195	0.48238482384823844
0.075195	0.10144927536231892
0.17724	0.40588235294117647
1.4863	0.8039348710990503
1.3908	0.7956521739130434
1468.0	0.9934370256932883
0.18115	0.3757225433526013
11.841	0.9290366235304068
7.5959	0.049788135593220324
345.0	0.12301005461371178
36.226	0.02758029267752921
393.9	0.1486276553819555
621.86	0.06010862092007369
0.17285	0.02453987730061352
2.9663	0.03327615780445968
0.10742	0.03030303030303031
0.051725	0.0
0.05957	0.01960784313725492
0.73632	0.023643949930458832
0.098632	0.021978021978021844
0.14453	0.022058823529411783
0.078308	0.014285714285714297
0.052795	0.0
0.44433	0.020881670533642583
0.075683	0.04411764705882357
0.16696	0.018867924528301903
0.12133	0.02678571428571431
0.080078	0.027777777777777804
0.038176	0.0
0.10913	0.020000000000000018
0.11004	0.01960784313725492
0.23339	0.02232142857142859
0.045898	0.025641025641025664
0.054687	0.02173913043478263
0.040039	0.029411764705882377
0.073242	0.04615384615384619
82.282	0.02849613923274897
0.052734	0.02127659574468087
1.5902	0.02234993614303954
27.63	0.036068695301915095
4.7675	0.03810943155205456
12.43	0.02210260174537157
0.7841	0.5448634590377114
0.044921	0.025641025641025664
0.24218	0.04273504273504276
0.58789	0.11571675302245252
0.22882	0.15837104072398187
1.5668	0.13113695090439284
1.0053	0.057459677419354725
0.054443	0.0
0.5083	0.2865731462925852
0.05371	0.06382978723404259
0.4687	0.1568627450980393
0.032714	0.040000000000000036
0.32189	0.17891373801916935
1.0314	0.0932286555446515
0.97656	0.04365904365904364
75.398	0.1359086498198786
0.27539	0.250936329588015
9.062	0.14428523825391545
2.2753	0.20239680426098522
4.22	0.0350500715307581
2.3515	0.7107402652973897
0.040405	0.06060606060606063
22.168	0.7653015098092396
1.5371	0.25727513227513227
1.3505	0.6297681376215407
0.67773	0.5862068965517241
0.93847	0.5896328293736501
33.815	0.8897117634860918
25.606	0.8485050093926112
231.71	0.961139941111965
62.066	0.9010242761513025
46.682	0.8761988542493617
52.45	0.91846509054134
39.828	0.9250377073906486
164.66	0.9501677077510148
3.758	0.768511093290564
11.774	0.7260880674559237
29.449	0.8699292131772394
73.72	0.8966430375621282
1.4315	0.6614950634696756
0.13964	0.060606060606060656
24.41	0.8835768220617203
9.831	0.8462166020803591
1.0163	0.5850746268656717
13.39	0.6049410527896673
0.16192	0.058441558441558496
3.7414	0.7524167561761547
6.3964	0.7606851037083596
0.34179	0.15105740181268879
3.0579	0.7182774490466799
7.6005	0.6629153978551569
2.9765	0.6267343485617597
125.8	0.9470055976082947
0.026855	0.0
226.19	0.9580834350618332
37.713	0.8482972958614461
69.325	0.9311051757742005
6.9306	0.7777616910380772
0.10937	0.04950495049504955
5.1494	0.7598908594815825
26.996	0.8789385785860087
93.79	0.9436105866163153
16.377	0.8756882417716872
79.069	0.9470740103270223
77.133	0.8977992318073291
88.369	0.8938645580805221
56.604	0.8877036565302764
13.996	0.6111190920844706
16.133	0.8662815974163096
355.35	0.9722427081163547
4.3427	0.701851851851852
229.23	0.9668787474144478
344.27	0.9737210626626999
2.1059	0.6516746411483254
166.22	0.9483717570577259
0.1662	0.05696202531645574
74.541	0.8911469596636625
0.067138	0.03333333333333337
0.25579	0.1707317073170731
10.785	0.8310867342195781
0.11132	0.05825242718446608
45.595	0.8931379870843035
0.1137	0.056603773584905516
16.574	0.8472003869875437
0.068131	0.05084745762711869
84.039	0.8753320072892722
0.1123	0.057692307692307744
17.062	0.8548766157461809
3.9614	0.6686135093956321
0.6533	0.5636645962732919
1.9111	0.6794939377965207
3.8613	0.7162935970848515
0.11523	0.05825242718446601
69.816	0.9015488312060805
0.06665	0.03333333333333337
5.9434	0.5863351936411297
0.86572	0.5784543325526932
34.588	0.8724944965820878
0.065429	0.03448275862068968
26.844	0.8747620291910859
15.019	0.8347146103462103
16.461	0.8747033408385565
27.138	0.8647052309055338
160.21	0.9488402882729849
0.94531	0.597860962566845
58.092	0.9006410256410257
2.393	0.7064760302775441
0.1748	0.0555555555555556
1.8603	0.6706392199349945
2.2257	0.6799276672694393
278.23	0.9648268125894341
37.038	0.8659384041316283
2.8339	0.6825284090909091
5.4252	0.6064145346681499
11.65	0.8520715145263882
73.509	0.935080672612159
0.96289	0.020105820105820123
50.03	0.88585727154439
31.298	0.8849033661845642
35.335	0.8863191905450216
0.70214	0.5832127351664256
154.8	0.9546279726333607
5.9637	0.7441117092866757
2.22	0.6724059809696422
21.502	0.8528616703952276
203.34	0.9652415625307488
1.1811	0.6441402908468776
2.03	0.643598615916955
0.18212	0.13218390804597713
55.146	0.887210674412272
50.612	0.8803466149645867
0.065414	0.0338983050847458
193.08	0.9502844589063099
3.3222	0.679987889797154
0.267	0.1434108527131783
41.455	0.8733632893656085
3.5576	0.637701669968865
0.26953	0.19923371647509575
49.331	0.8951472081218274
169.49	0.952303932564372
218.7	0.9606230415589763
8.3095	0.7744233788189832
6.3452	0.7935453251067871
17.206	0.8468531468531468
179.84	0.9679707186284927
26.243	0.8656459987782529
1.2255	0.5995045417010735
0.029663	0.0
73.988	0.9347852553263442
198.59	0.9665540047046023
8.3315	0.7820065036733711
0.88525	0.5748571428571428
14.178	0.847137809187279
23.306	0.8757309941520468
3.0566	0.6545933486993744
82.681	0.9279583560317172
0.84521	0.5719424460431655
10.634	0.6697221697221697
6.9146	0.7821164174771374
1.5312	0.6469038208168642
5.0068	0.7884499699217965
0.25195	0.15226337448559663
5.4785	0.6785255822483037
157.84	0.9529490064336198
1.5693	0.6405144694533762
0.22775	0.10045662100456618
51.094	0.9343652037617555
19.494	0.8546006274751838
1.541	0.6276178010471203
212.48	0.9567542880818867
0.31738	0.1363636363636363
16.413	0.9255396999634101
1.8935	0.7827934147636751
232.8	0.9890284487385937
0.19274	0.34946236559139787
0.036132	0.03448275862068968
2.3735	0.38612175393784576
0.3728	0.10497237569060767
0.73657	0.1590594744121715
2.3925	0.20118593816179584
82.29	0.49659075662027496
0.21337	0.01960784313725492
4.1586	0.37724405628335766
0.16064	0.03973509933774838
0.35766	0.08645533141210375
6.458	0.4129283489096573
0.93847	0.15635179153094464
0.3549	0.07848837209302333
0.4304	0.1507177033492823
2.3232	0.25119721375707443
0.03295	0.0
2.3388	0.34370946822308696
0.21435	0.0536585365853659
2.0566	0.19970414201183445
0.20312	0.07692307692307698
0.31298	0.10561056105610553
0.092407	0.058139534883720985
2.531	0.2593037214885955
0.07223	0.030769230769230795
498.64	0.8295244920039423
0.297	0.0
8.562	0.09517078916372212
4.414	0.0180819409475852
3.3433	0.08197709463532252
11.019	0.023894534468552657
2.8188	0.04958677685950422
2.7474	0.024668630338733493
9.018	0.23107836570663098
1.3271	0.01147666411629679
7.3232	0.029525386313465747
0.17187	0.012269938650306716
0.49414	0.004149377593360999
11.588	0.03858520900321542
3.1447	0.032465445194471296
5.957	0.01985069562266708
6.7358	0.03321861439473284
0.44403	0.002314814814814817
4.1562	0.18245869776482032
4.6433	0.021743857360295687
1.8056	0.008988764044943766
117.51	0.6735535429783681
929.35	0.7803311020155065
22.883	0.21011792556222875
157.39	0.6338660830173314
102.53	0.656580745948057
112.52	0.6773286592581388
1695.1	0.894366089150388
669.42	0.8224644233830406
750.95	0.8244064987355871
591.8	0.8171682032245741
98.358	0.6636570916715866
157.61	0.6211887289939324
318.1	0.7717695988523356
84.551	0.6194412534492357
532.69	0.8103985588239164
1.4038	0.040433212996389925
20.619	0.13776582742605714
116.62	0.0010644507777357692
3.5248	0.05090077209036315
0.32812	0.05362776025236598
77.114	0.11844900619094167
17.779	0.006878277047978946
0.21431	0.04326923076923081
15.652	0.1399291008701255
821.58	0.00020340601545875526
3.0244	0.026755852842809423
58.0	0.16640921950118898
1124.1	0.000221648566850691
4.5087	0.049921295255228065
7.3701	0.099766707835872
24.894	0.08752275025278063
5.1169	0.030469825044230375
6.7131	0.02739931127414289
34.16	0.00510323791647109
0.4541	0.08126410835214441
57.067	0.0032290898880348987
5.4785	0.06335679881437567
345.2	0.0003188692317280255
202.74	0.000370225936548295
20.465	0.011803888916099334
1.7402	0.07593457943925228
45.067	0.00497844156998701
12.12	0.016961773953334296
41.218	0.0034750911300121456
91.914	0.17715979826931685
149.72	0.05585054608676939
183.2	0.050912742177083546
587.9	0.0002961681963016534
27.675	0.002967573827446646
0.92578	0.051648351648351694
2.0273	0.09300000000000003
1.1372	0.05929919137466313
0.11621	0.037037037037036945
15.24	0.00953570958832049
8.5478	0.03019976498237364
9.2985	0.2566410061802018
53.22	0.6300610721556209
424.14	0.8733612707761136
1.856	0.286336418072945
0.014648	0.0
33.228	0.01501130369253925
1.121	0.01352569882777278
160.7	0.012239429159006018
0.075683	0.07352941176470594
0.014648	0.11111111111111112
0.026367	0.0
782.35	0.007216377427161578
0.29443	0.013986013986014
6.3466	0.01613158310928358
218.2	0.9096795791925965
12.024	0.7423850454810981
0.098632	0.05494505494505484
0.093261	0.058139534883720985
869.61	0.9602714894654634
12.717	0.7383959583201769
38.593	0.8556604752516344
5.7838	0.6888888888888889
0.29296	0.36267605633802835
182.75	0.8311888211482317
4.7187	0.6818568994889268
216.92	0.9368254524657307
15.097	0.7258964143426294
5.4258	0.6639511201629329
0.02539	0.0
9.5913	0.654984831049273
6.1767	0.6897448399154884
414.19	0.9158854801971947
0.023543	0.0
0.03894	0.030303030303030328
0.027343	0.0
2.2944	0.6861281826163301
0.25732	0.17269076305220882
1742.2	0.943723236977362
