0.15000000000000013
0.938817131203263
0.9854745712596097
0.0
0.20454545454545442
0.8848920863309353
0.36697247706422004
0.06250000000000006
0.47474747474747475
0.19512195121951229
0.08333333333333326
0.10040705563093626
0.006912442396313434
0.49208845208845203
0.0558823529411765
0.0
0.11871622728017031
0.05364590824104698
0.07576550641193407
0.04707821945411248
0.009164969450101841
0.3529257584693008
0.018485390578413915
0.19377777777777783
0.6828872040847902
0.034992954438703594
0.1571346516780176
0.09371015724606885
0.05565644696079474
0.021423106350420832
0.015806601580660277
0.042657733109994454
0.9741879054088564
0.7660568834290292
0.9298678071997127
0.9802881025221015
0.9387607771956601
0.9528909885476945
0.9243153101148098
0.9641922779379704
0.7685578283802909
0.9725357382857841
0.35914893617021265
0.978833910765094
0.925645999152788
0.9617369281229562
0.9208587277023111
0.8500107319167204
0.9268712471530125
0.979123225626981
0.7471938775510205
0.7124705882352942
0.9578447493508011
0.8797003343377223
0.9670029654235803
0.7167947310647639
0.8295947076267964
0.8864024942170371
0.6604814443329989
0.32643678160919537
0.05263157894736847
0.9391275462386257
0.9797587979195707
0.975101490704158
0.9601046766841128
0.7065823726292302
0.741471339057786
0.8698024520921671
0.9072045173460592
0.975011920771073
0.8298235891752102
0.9656876586730176
0.873592582079667
0.7054707379134859
0.8407663316582914
0.9696467638348754
0.6582515194015895
0.692537313432836
0.7485065710872162
0.8312780726827279
0.9595622145733503
0.023255813953488292
0.06619718309859152
0.024096385542168672
0.021052631578947385
0.2554264182985724
0.09266409266409263
0.15593220338983044
0.1025199561746753
0.10192837465564737
0.10146157472890156
0.06955460646735814
0.1781109445277361
0.016845329249617222
0.07765602667937109
0.0
0.13524936601859672
0.1388888888888889
0.12322015334063523
0.0
0.03141361256544505
0.052631578947368376
0.06422018348623859
0.03278688524590167
0.947091943545949
0.26316690442225377
0.10431654676259002
0.11538461538461547
0.2916200671033711
0.37666300768386385
0.2831445702864757
0.1457286432160804
0.37931392931392927
0.1885025660316522
0.36137135797384956
0.0
0.15728169318263624
0.23296546680293673
0.026315789473684233
0.07346938775510199
0.0
0.4652591170825336
0.2924528301886791
0.7565674255691769
0.0384615384615385
0.06896551724137934
0.06666666666666661
0.09677419354838707
0.9496981891348089
0.8144827586206898
0.0454545454545455
0.18181818181818185
0.8695692194403534
0.9197779780824517
0.1654676258992806
0.9327047513403587
0.9119989202321502
0.7127329192546583
0.9630514657523436
0.0
0.8349557522123894
0.3285024154589372
0.7335203366058906
0.21929824561403516
0.11111111111111122
0.3842975206611569
0.8383294528521539
0.05405405405405401
0.09523809523809532
0.0
0.9846601076840122
0.11111111111111108
0.0869565217391303
0.22857142857142865
0.9599817503601347
0.040000000000000036
0.0701754385964913
0.4193548387096773
0.24838596079352032
0.14162277814351545
0.14919354838709684
0.1016302462712452
0.706397241111865
0.23648012059543985
0.25797101449275367
0.08944543828264766
0.08053691275167774
0.6215091801400066
0.1586089906700594
0.37517806267806264
0.22254901960784312
0.24514200298953662
0.04819277108433739
0.11160714285714284
0.1233183856502242
0.6634938409854423
0.10000000000000009
0.11295180722891576
0.06432748538011701
0.10763888888888896
0.2378295438694379
0.4853241197762422
0.07462686567164185
0.08295454545454553
0.022641509433962283
0.028125000000000025
0.6716833385380464
0.48765776342823597
0.01923076923076925
0.03464203233256354
0.0
0.16930775646371982
0.0
0.19361702127659577
0.17043941411451394
0.012987012987012998
0.0
0.080945558739255
0.17137592137592148
0.01492537313432837
0.009174311926605385
0.18208092485549124
0.1545518701482004
0.013888888888888902
0.01724137931034484
0.02499999999999985
0.09735349716446133
0.0
0.0
0.023255813953488396
0.0384615384615385
0.027777777777777804
0.0
0.0
0.447378898473789
0.038461538461538367
0.41596638655462187
0.14130434782608695
0.14084507042253525
0.9244144783534421
0.7175697865353037
0.3712574850299401
0.9682528364074288
0.06666666666666674
0.9815489126523799
0.7071290944123314
0.48238482384823844
0.10144927536231892
0.40588235294117647
0.8039348710990503
0.7956521739130434
0.9934370256932883
0.3757225433526013
0.9290366235304068
0.049788135593220324
0.12301005461371178
0.02758029267752921
0.1486276553819555
0.06010862092007369
0.02453987730061352
0.03327615780445968
0.03030303030303031
0.0
0.01960784313725492
0.023643949930458832
0.021978021978021844
0.022058823529411783
0.014285714285714297
0.0
0.020881670533642583
0.04411764705882357
0.018867924528301903
0.02678571428571431
0.027777777777777804
0.0
0.020000000000000018
0.01960784313725492
0.02232142857142859
0.025641025641025664
0.02173913043478263
0.029411764705882377
0.04615384615384619
0.02849613923274897
0.02127659574468087
0.02234993614303954
0.036068695301915095
0.03810943155205456
0.02210260174537157
0.5448634590377114
0.025641025641025664
0.04273504273504276
0.11571675302245252
0.15837104072398187
0.13113695090439284
0.057459677419354725
0.0
0.2865731462925852
0.06382978723404259
0.1568627450980393
0.040000000000000036
0.17891373801916935
0.0932286555446515
0.04365904365904364
0.1359086498198786
0.250936329588015
0.14428523825391545
0.20239680426098522
0.0350500715307581
0.7107402652973897
0.06060606060606063
0.7653015098092396
0.25727513227513227
0.6297681376215407
0.5862068965517241
0.5896328293736501
0.8897117634860918
0.8485050093926112
0.961139941111965
0.9010242761513025
0.8761988542493617
0.91846509054134
0.9250377073906486
0.9501677077510148
0.768511093290564
0.7260880674559237
0.8699292131772394
0.8966430375621282
0.6614950634696756
0.060606060606060656
0.8835768220617203
0.8462166020803591
0.5850746268656717
0.6049410527896673
0.058441558441558496
0.7524167561761547
0.7606851037083596
0.15105740181268879
0.7182774490466799
0.6629153978551569
0.6267343485617597
0.9470055976082947
0.0
0.9580834350618332
0.8482972958614461
0.9311051757742005
0.7777616910380772
0.04950495049504955
0.7598908594815825
0.8789385785860087
0.9436105866163153
0.8756882417716872
0.9470740103270223
0.8977992318073291
0.8938645580805221
0.8877036565302764
0.6111190920844706
0.8662815974163096
0.9722427081163547
0.701851851851852
0.9668787474144478
0.9737210626626999
0.6516746411483254
0.9483717570577259
0.05696202531645574
0.8911469596636625
0.03333333333333337
0.1707317073170731
0.8310867342195781
0.05825242718446608
0.8931379870843035
0.056603773584905516
0.8472003869875437
0.05084745762711869
0.8753320072892722
0.057692307692307744
0.8548766157461809
0.6686135093956321
0.5636645962732919
0.6794939377965207
0.7162935970848515
0.05825242718446601
0.9015488312060805
0.03333333333333337
0.5863351936411297
0.5784543325526932
0.8724944965820878
0.03448275862068968
0.8747620291910859
0.8347146103462103
0.8747033408385565
0.8647052309055338
0.9488402882729849
0.597860962566845
0.9006410256410257
0.7064760302775441
0.0555555555555556
0.6706392199349945
0.6799276672694393
0.9648268125894341
0.8659384041316283
0.6825284090909091
0.6064145346681499
0.8520715145263882
0.935080672612159
0.020105820105820123
0.88585727154439
0.8849033661845642
0.8863191905450216
0.5832127351664256
0.9546279726333607
0.7441117092866757
0.6724059809696422
0.8528616703952276
0.9652415625307488
0.6441402908468776
0.643598615916955
0.13218390804597713
0.887210674412272
0.8803466149645867
0.0338983050847458
0.9502844589063099
0.679987889797154
0.1434108527131783
0.8733632893656085
0.637701669968865
0.19923371647509575
0.8951472081218274
0.952303932564372
0.9606230415589763
0.7744233788189832
0.7935453251067871
0.8468531468531468
0.9679707186284927
0.8656459987782529
0.5995045417010735
0.0
0.9347852553263442
0.9665540047046023
0.7820065036733711
0.5748571428571428
0.847137809187279
0.8757309941520468
0.6545933486993744
0.9279583560317172
0.5719424460431655
0.6697221697221697
0.7821164174771374
0.6469038208168642
0.7884499699217965
0.15226337448559663
0.6785255822483037
0.9529490064336198
0.6405144694533762
0.10045662100456618
0.9343652037617555
0.8546006274751838
0.6276178010471203
0.9567542880818867
0.1363636363636363
0.9255396999634101
0.7827934147636751
0.9890284487385937
0.34946236559139787
0.03448275862068968
0.38612175393784576
0.10497237569060767
0.1590594744121715
0.20118593816179584
0.49659075662027496
0.01960784313725492
0.37724405628335766
0.03973509933774838
0.08645533141210375
0.4129283489096573
0.15635179153094464
0.07848837209302333
0.1507177033492823
0.25119721375707443
0.0
0.34370946822308696
0.0536585365853659
0.19970414201183445
0.07692307692307698
0.10561056105610553
0.058139534883720985
0.2593037214885955
0.030769230769230795
0.8295244920039423
0.0
0.09517078916372212
0.0180819409475852
0.08197709463532252
0.023894534468552657
0.04958677685950422
0.024668630338733493
0.23107836570663098
0.01147666411629679
0.029525386313465747
0.012269938650306716
0.004149377593360999
0.03858520900321542
0.032465445194471296
0.01985069562266708
0.03321861439473284
0.002314814814814817
0.18245869776482032
0.021743857360295687
0.008988764044943766
0.6735535429783681
0.7803311020155065
0.21011792556222875
0.6338660830173314
0.656580745948057
0.6773286592581388
0.894366089150388
0.8224644233830406
0.8244064987355871
0.8171682032245741
0.6636570916715866
0.6211887289939324
0.7717695988523356
0.6194412534492357
0.8103985588239164
0.040433212996389925
0.13776582742605714
0.0010644507777357692
0.05090077209036315
0.05362776025236598
0.11844900619094167
0.006878277047978946
0.04326923076923081
0.1399291008701255
0.00020340601545875526
0.026755852842809423
0.16640921950118898
0.000221648566850691
0.049921295255228065
0.099766707835872
0.08752275025278063
0.030469825044230375
0.02739931127414289
0.00510323791647109
0.08126410835214441
0.0032290898880348987
0.06335679881437567
0.0003188692317280255
0.000370225936548295
0.011803888916099334
0.07593457943925228
0.00497844156998701
0.016961773953334296
0.0034750911300121456
0.17715979826931685
0.05585054608676939
0.050912742177083546
0.0002961681963016534
0.002967573827446646
0.051648351648351694
0.09300000000000003
0.05929919137466313
0.037037037037036945
0.00953570958832049
0.03019976498237364
0.2566410061802018
0.6300610721556209
0.8733612707761136
0.286336418072945
0.0
0.01501130369253925
0.01352569882777278
0.012239429159006018
0.07352941176470594
0.11111111111111112
0.0
0.007216377427161578
0.013986013986014
0.01613158310928358
0.9096795791925965
0.7423850454810981
0.05494505494505484
0.058139534883720985
0.9602714894654634
0.7383959583201769
0.8556604752516344
0.6888888888888889
0.36267605633802835
0.8311888211482317
0.6818568994889268
0.9368254524657307
0.7258964143426294
0.6639511201629329
0.0
0.654984831049273
0.6897448399154884
0.9158854801971947
0.0
0.030303030303030328
0.0
0.6861281826163301
0.17269076305220882
0.943723236977362
