0.15000000000000013
0.015975526852481315
0.004361324659964356
0.0
0.15909090909090923
0.029804727646454265
0.1559633027522937
0.0
0.12121212121212122
0.1463414634146341
0.16666666666666682
0.3013059701492538
0.19124423963133638
0.16167076167076158
0.26625386996904027
0.03265306122448983
0.2713279842803339
0.27110599741118935
0.2874901858152316
0.2504121633998901
0.12219959266802433
0.22200380053731736
0.18187239117471657
0.26536752136752134
0.08571870648305743
0.29990605918271496
0.2863707229014524
0.24500637484062898
0.2944129900651642
0.21576128538638106
0.2166434216643421
0.27414852037967624
0.012943998955797315
0.10241687808786215
0.033510021826225575
0.010230530195360493
0.027092529186089745
0.022392194601710557
0.03412225001603492
0.016456853505872424
0.10137655988678758
0.013348402468079905
0.22382978723404265
0.010532646500326755
0.03241700666622076
0.01871049751635541
0.037644166778115315
0.06924232667954495
0.03625595279177307
0.01026207631518115
0.0908163265306122
0.09835294117647064
0.020902408999829276
0.05396871259338752
0.016257416470796527
0.13111355043297976
0.0786251996045929
0.05285125213718195
0.12587763289869602
0.21379310344827582
0.29149797570850206
0.028288903916195113
0.01036039078667003
0.012171638397814573
0.019663458832798686
0.10189661584232064
0.11974936180088193
0.058837064063373065
0.04072607343185878
0.01246993018982155
0.0780456266740556
0.016796501176112835
0.05483016368625228
0.10782442748091607
0.07427763819095484
0.014923060419323696
0.12014960261804591
0.10298507462686572
0.11290322580645173
0.07635769701919146
0.019152175054179505
0.5339892665474062
0.45887323943661973
0.42168674698795167
0.463157894736842
0.29326540359815306
0.4671814671814671
0.44620874219446927
0.4323055251213022
0.4407713498622591
0.4117161716171618
0.4838316046369738
0.4362818590704648
0.4821337417049514
0.46498332539304427
0.22222222222222235
0.4353338968723585
0.4296296296296295
0.46796276013143495
0.37209302325581417
0.41884816753926707
0.2105263157894736
0.4434250764525993
0.4180327868852459
0.02602820581012715
0.37483594864479314
0.38669064748201426
0.39560439560439553
0.3570458539702828
0.29253567508232703
0.32778147901399063
0.3718592964824121
0.31029106029106035
0.3920923234005966
0.331102645938433
0.1764705882352942
0.41927866964221433
0.4198554162642638
0.263157894736842
0.3918367346938776
0.24999999999999983
0.23493282149712091
0.34040880503144655
0.12171628721541156
0.23076923076923073
0.2758620689655173
0.1333333333333334
0.2903225806451612
0.028460618785174713
0.08827586206896557
0.22727272727272724
0.25454545454545446
0.07400589101620027
0.047321979221025684
0.32374100719424453
0.03897208356442959
0.04973680658658388
0.12577639751552802
0.022799617667949888
0.0
0.08362831858407092
0.2801932367149759
0.1136044880785414
0.2982456140350877
0.22222222222222215
0.2603305785123968
0.09240395809080323
0.2972972972972974
0.23809523809523797
0.1666666666666666
0.00933248415607149
0.2962962962962963
0.17391304347826095
0.24285714285714274
0.024894705492212232
0.27999999999999997
0.31578947368421056
0.2620967741935484
0.4297452752670501
0.4657669519420672
0.36155913978494636
0.39715574054804026
0.1748680802736728
0.40324100244959477
0.3362318840579711
0.3756708407871198
0.32885906040268476
0.22557983109538876
0.37404580152671757
0.3379629629629629
0.3392156862745098
0.3423019431988042
0.325301204819277
0.33035714285714285
0.35650224215246634
0.19774169466218736
0.34571428571428575
0.358433734939759
0.33333333333333326
0.3333333333333333
0.35067652392244386
0.19253043764396174
0.285240464344942
0.27954545454545454
0.27924528301886803
0.27499999999999986
0.10291900459022113
0.1820810096859407
0.19230769230769243
0.28406466512702083
0.11111111111111108
0.2443703085904921
0.13793103448275862
0.2531914893617021
0.25521526853084786
0.1428571428571427
0.04347826086956526
0.29512893982808025
0.24324324324324334
0.1492537313432836
0.19266055045871563
0.24979355904211398
0.2709950599858856
0.13888888888888892
0.08620689655172421
0.1
0.2788279773156899
0.05263157894736847
0.08333333333333341
0.17441860465116296
0.20192307692307698
0.2638888888888889
0.12244897959183684
0.0
0.20159256801592562
0.0384615384615385
0.22689075630252103
0.2826086956521739
0.267605633802817
0.03785190442394133
0.11001642036124794
0.23952095808383228
0.018230652215250047
0.16666666666666682
0.009081619435529141
0.10789980732177262
0.25203252032520324
0.27536231884057966
0.2
0.0915875169606513
0.09492753623188407
0.0038755201194605737
0.21965317919075142
0.03594688319377485
0.19147245762711868
0.1945595335913524
0.13845472903814765
0.19282490687888526
0.13224025414654644
0.5030674846625766
0.5197255574614066
0.47474747474747475
0.4347826086956521
0.39215686274509814
0.5479833101529903
0.4725274725274727
0.4926470588235294
0.44285714285714284
0.42553191489361697
0.5452436194895592
0.4411764705882353
0.5031446540880502
0.4732142857142857
0.4444444444444445
0.40625
0.48
0.48039215686274517
0.5044642857142857
0.41025641025641024
0.4130434782608695
0.35294117647058815
0.41538461538461535
0.5850839563672019
0.42553191489361697
0.5651340996168583
0.5865465597422095
0.5318288269107941
0.5897561373460566
0.16384915474642392
0.25641025641025633
0.3376068376068375
0.3333333333333332
0.3031674208144796
0.31007751937984496
0.3286290322580646
0.27083333333333337
0.26653306613226446
0.276595744680851
0.3115468409586056
0.24
0.2939297124600638
0.31501472031403344
0.34927234927234924
0.2688529384396559
0.2621722846441948
0.3168943685438186
0.29427430093209056
0.35765379113018597
0.1091142490372272
0.24242424242424243
0.09754995027574358
0.28439153439153436
0.15632011967090498
0.1739130434782609
0.1717062634989201
0.050804277631306106
0.06970100187852224
0.018430573424399677
0.044810065327849015
0.05724461990688094
0.03768580533134887
0.03471593765711413
0.020872323359988336
0.10237904303662122
0.1263095136700452
0.05877348216716579
0.04481381895217143
0.14174894217207334
0.34848484848484845
0.0528972422849639
0.06761166632673875
0.17810945273631842
0.18390027784035445
0.3636363636363636
0.11170784103114932
0.10465116279069767
0.35951661631419946
0.12393162393162394
0.15464054018270884
0.16446700507614212
0.02376598180777304
0.11764705882352951
0.017399996461617395
0.06972852361472669
0.03202194470511802
0.0994643115679745
0.31683168316831684
0.10738647437146757
0.05566895527927259
0.025602457835952254
0.05352991557567602
0.02464057912321555
0.0440932212187273
0.044089992523279775
0.05084116117391074
0.1782071541445195
0.05782249549717408
0.011307275275996601
0.13240740740740742
0.014396180801019386
0.011098456675343992
0.15263157894736842
0.021754048034671642
0.3544303797468354
0.0458703273381778
0.28333333333333327
0.3455284552845529
0.07390536394905642
0.32038834951456313
0.049466239072178536
0.3207547169811322
0.06832748820897327
0.25423728813559315
0.050858156957562614
0.326923076923077
0.06774383078730904
0.14677501269680038
0.1801242236024845
0.1349499209277807
0.12623633524206143
0.3398058252427185
0.043266886562455184
0.26666666666666655
0.189074919668527
0.17330210772833726
0.05868381415826672
0.2931034482758619
0.05782224047183545
0.07625985830771287
0.05428101989898377
0.06282993096828972
0.022132570600651987
0.16577540106951874
0.04364833195478356
0.1269974768713204
0.33950617283950607
0.13813651137594798
0.13969258589511752
0.014708525983504594
0.06213665738312198
0.1392045454545455
0.17018909899888762
0.06558363417569195
0.030049697052215944
0.4380952380952382
0.05234711240116106
0.0534685780110073
0.05356687356517302
0.1780028943560058
0.019820785983319014
0.11238223418573354
0.14136837335749886
0.06753355704697986
0.015172685230738956
0.15312232677502138
0.15472071181413738
0.32758620689655166
0.05097576472723972
0.05408934435959324
0.271186440677966
0.02075151037834589
0.14350590372388733
0.3488372093023256
0.05807604966903416
0.16190206623266346
0.33333333333333337
0.048487309644670046
0.020802096738014003
0.016518377896205482
0.09853882381354907
0.09191583610188261
0.07039627039627039
0.014178992395966027
0.06353084911423337
0.16845582163501235
0.1666666666666666
0.030774433547514378
0.014667882274126201
0.09550764783813075
0.1725714285714286
0.06643109540636041
0.05736154110767114
0.1534408956206783
0.03301252950789905
0.17865707434052758
0.15535815535815534
0.09551458847437945
0.15415019762845852
0.09444555845197512
0.3497942386831276
0.14175683110214557
0.020384749469147152
0.15305466237942125
0.35616438356164376
0.029956896551724135
0.06660494779612197
0.15903141361256545
0.01848948401768437
0.3636363636363637
0.038602268569337767
0.10408921933085491
0.005998926462694624
0.22580645161290328
0.1379310344827585
0.2830991911451681
0.40883977900552476
0.3499308437067772
0.35747564591274883
0.2576875693741385
0.4313725490196079
0.2959728287239204
0.40397350993377484
0.3659942363112393
0.29127725856697817
0.3941368078175896
0.4098837209302326
0.3851674641148325
0.348280365694384
0.2000000000000001
0.3056636402939905
0.3902439024390245
0.3836291913214989
0.34871794871794876
0.3564356435643565
0.32558139534883734
0.339735894357743
0.29230769230769227
0.08640599940182628
0.11805555555555539
0.2720848056537101
0.2666514076447701
0.2706449668474984
0.2921358601116909
0.21703197987782968
0.2592047128129602
0.2431346282652377
0.20734506503443
0.27179911699779224
0.042944785276073656
0.07883817427385888
0.28052489788824203
0.25393764063002255
0.2774007465218867
0.2753254526410296
0.08796296296296291
0.22546161321671523
0.2944118286584042
0.16460674157303373
0.05617987100951662
0.027883578175429375
0.12340537459997378
0.055824192604280655
0.05657098223003321
0.05624905465642877
0.014703418131698245
0.027238662639059327
0.026187602092343425
0.026883847040646957
0.05397894993994418
0.0583817783284094
0.041023963153937366
0.07275074314001824
0.035253586503438565
0.308303249097473
0.3213395257883158
0.07922432441712737
0.2307692307692307
0.32176656151419547
0.294219615509938
0.08817725658228542
0.26442307692307704
0.3084756687077024
0.09817567946135161
0.26555183946488303
0.3355086172483819
0.10548424425850102
0.329435574544637
0.34472348017016613
0.35385237613751247
0.17338313347749154
0.14433298397963756
0.06986156733927747
0.33408577878103857
0.06846021550665123
0.36921081882178586
0.09273297020891733
0.08888384284649439
0.0830190527501591
0.4217289719626169
0.07058718940303138
0.10284626840973062
0.0688699878493316
0.31139165727663565
0.39283340829300084
0.3112376750999983
0.09177639641602447
0.07371887666473652
0.334065934065934
0.3125
0.40431266846361175
0.28703703703703726
0.09351571747994217
0.12878965922444174
0.25555676027323
0.1356593530875368
0.04722230087493273
0.2449646162221012
0.125
0.39490580256217095
0.35978358881875566
0.3961549247499466
0.2647058823529412
0.0
0.15789473684210542
0.40443194862666165
0.34965034965034947
0.37039380041119735
0.02920795938676586
0.10114328632228992
0.3076923076923077
0.29069767441860467
0.011329313823143086
0.10419955794126934
0.05458130123482414
0.12656250000000002
0.22535211267605626
0.050296068668211374
0.12457410562180576
0.021055107650868037
0.10252324037184594
0.13460470283280876
0.11111111111111122
0.13212679150538764
0.11425320981634975
0.025651740187967734
0.15789473684210514
0.18181818181818177
0.142857142857143
0.12467076382791924
0.3052208835341365
0.015658108431611518
