0.027587	0.4499999999999997
2.9492	0.04282800815771593
27.065	0.009757539917208943
0.011718	0.2
0.049804	0.4545454545454545
0.98046	0.07810894141829397
0.11621	0.4128440366972477
0.023414	0.625
0.10595	0.3434343434343434
0.047973	0.5121951219512194
0.017883	0.4166666666666666
11.88	0.5842944369063771
1.7636	0.7747695852534562
10.233	0.33867321867321865
6.5092	0.6650154798761609
0.25436	0.8285714285714285
6.163	0.597838545930899
7.0241	0.6631669782827557
15.418	0.627649829887464
5.512	0.6891372046162302
0.99804	0.8217922606924646
15.345	0.41779699888604943
1.7121	0.7638640429338104
14.733	0.5324444444444444
12.975	0.22605601114033733
8.579	0.6533583842179426
12.26	0.5472224501518012
4.7	0.6472588185295368
9.4492	0.6397820745646831
1.324	0.730680948737567
2.179	0.7438400743840076
9.0377	0.6729201563372418
1409.0	0.012015424689718572
7.5214	0.11790626251836037
170.06	0.03418069290912408
1660.6	0.008844217474044274
97.02	0.03154779093271728
240.12	0.02270464382871117
109.22	0.038071414827235486
284.45	0.017645404036852108
7.8051	0.11462755692782718
523.93	0.013199492943979483
1.1914	0.38297872340425526
1785.9	0.010094182881327544
89.767	0.03903863732637728
622.4	0.01837463098874929
157.12	0.03759958732160259
23.342	0.07473706804035206
231.93	0.03432345227413901
1276.2	0.009869490775023412
3.9389	0.1466836734693877
2.1386	0.16752941176470587
445.26	0.019866835593174655
48.511	0.06232715565278409
429.38	0.015723966353041494
8.2431	0.13904134650567132
26.365	0.08558284541099534
39.827	0.054359851151563915
2.0058	0.19508525576730198
0.44506	0.39080459770114945
0.25976	0.5506072874493927
168.66	0.030400635892325386
1628.6	0.009087448035320626
1104.2	0.012055700779499337
355.47	0.018774269795711656
2.706	0.17032354034957228
8.6533	0.12752378742167558
30.469	0.06458929099694315
80.12	0.04787187527327694
746.72	0.011642173277113711
21.704	0.08524983836704537
782.83	0.016589515538616244
42.326	0.06618412337969529
3.1595	0.16698473282442747
19.145	0.07741834170854273
923.0	0.014271828985108361
2.1535	0.19869097709209904
2.0242	0.18059701492537314
8.4096	0.1272401433691756
12.282	0.0841159657002858
266.78	0.019695844862882724
1.1455	0.40787119856887283
3.5937	0.44732394366197187
0.091064	0.43373493975903615
0.10205	0.43157894736842106
18.971	0.4357055670540786
0.53027	0.39575289575289585
5.6953	0.375735950044603
6.4599	0.4427922992643606
1.108	0.4279155188246096
42.753	0.47081565299387074
1.663	0.4161073825503356
3.3969	0.36071964017991015
3.9687	0.4780500255232261
2.1289	0.4325869461648404
0.024414	0.4444444444444445
1.2035	0.39306846999154677
1.1003	0.39722222222222237
7.413	0.3891018619934282
0.050537	0.46511627906976744
0.19921	0.4869109947643978
0.02539	0.4736842105263159
0.33691	0.4403669724770642
0.1311	0.45081967213114754
1320.0	0.02551600660403592
52.918	0.3510794103661436
0.56933	0.4748201438848922
0.55969	0.45604395604395603
25.204	0.337314267454865
45.843	0.3187266739846324
3.0312	0.36342438374417063
0.40855	0.4497487437185929
9.6923	0.28721413721413724
74.849	0.4005427627159631
9.7734	0.2852877586739421
0.024414	0.47058823529411753
70.013	0.4131883953639048
107.22	0.33501795576225263
0.044921	0.5526315789473685
0.25317	0.4816326530612245
0.040039	0.5312500000000001
2.6308	0.2656429942418426
1.2894	0.3435534591194968
1.1538	0.11120840630472856
0.036132	0.5000000000000001
0.035522	0.4482758620689654
0.02246	0.5333333333333333
0.037353	0.4516129032258065
34.318	0.020995538448079887
1.4596	0.08965517241379305
0.028544	0.5000000000000001
0.062011	0.4545454545454546
10.888	0.053939617083947046
42.202	0.03164286730869584
0.1467	0.44604316546762596
27.076	0.027287853577371048
14.839	0.03644216493453908
0.65307	0.14440993788819878
228.14	0.01377623052167273
0.012695	0.2857142857142857
2.2712	0.07522123893805302
0.214	0.34782608695652173
0.72265	0.13744740532959326
0.12158	0.4122807017543859
0.033203	0.4444444444444445
0.25097	0.3140495867768595
13.78	0.0665745052386496
0.042968	0.5135135135135135
0.028564	0.38095238095238093
0.019287	0.4166666666666667
511.94	0.005808138035587302
0.032226	0.4444444444444445
0.029785	0.47826086956521735
0.076171	0.41428571428571426
236.8	0.014578589623896864
0.031738	0.48
0.064453	0.5087719298245613
0.25634	0.278225806451613
8.6245	0.2886489024533396
12.344	0.35097103357472026
1.5097	0.45631720430107514
2.9189	0.46479361775927847
72.466	0.10453859257925574
5.385	0.3280572828339928
2.0976	0.3782608695652173
0.57031	0.49016100178890876
0.1562	0.4966442953020133
40.37	0.13494930370444183
1.1953	0.4342663273960984
5.6787	0.2662037037037037
1.0347	0.40784313725490196
2.707	0.3800448430493273
0.089111	0.4939759036144579
0.23242	0.4910714285714286
0.45605	0.4753363228699552
32.319	0.1245178549209904
0.36059	0.5
0.6779	0.48795180722891557
0.18115	0.5146198830409356
0.31249	0.46527777777777785
7.2358	0.37578462826056636
30.557	0.23053636064494906
0.61572	0.4709784411276948
0.89453	0.4727272727272727
0.54394	0.5169811320754716
0.33105	0.525
298.7	0.1543818647647638
68.512	0.23447314352803056
0.11328	0.5384615384615384
0.44628	0.5219399538106235
0.061035	0.5185185185185185
1.2114	0.4328607172643869
0.065429	0.48275862068965514
2.8498	0.3907801418439717
2.2783	0.42032845095428306
0.084228	0.5454545454545456
0.027372	0.30434782608695643
1.4157	0.4541547277936963
1.65	0.4287469287469286
0.07312	0.5223880597014925
0.11621	0.5412844036697249
2.4531	0.3947151114781173
2.8647	0.4043754410726888
0.079101	0.5555555555555556
0.066406	0.5172413793103448
0.046386	0.4000000000000001
1.075	0.4565217391304348
0.025451	0.15789473684210523
0.0312	0.29166666666666663
0.094726	0.5232558139534882
0.1123	0.5576923076923077
0.22656	0.5185185185185185
0.055664	0.510204081632653
0.024414	0.11111111111111102
7.6005	0.26011944260119446
0.037109	0.26923076923076933
0.24534	0.2941176470588236
0.09929	0.4456521739130435
0.077392	0.4225352112676057
8.4726	0.03229240596167494
0.61914	0.1395730706075534
0.17346	0.31137724550898205
126.2	0.012019078405273503
0.037536	0.43333333333333324
69.506	0.008146111886702837
0.52856	0.15028901734104044
0.75195	0.23170731707317072
0.075195	0.46376811594202894
0.17724	0.30588235294117644
1.4863	0.08887381275440978
1.3908	0.09202898550724639
1468.0	0.002427224149347518
0.18115	0.3179190751445087
11.841	0.030533705489300515
7.5959	0.7530455508474576
345.0	0.6808799746820007
36.226	0.8302580984259591
393.9	0.6569379997711701
621.86	0.8050797106233064
0.17285	0.38650306748466257
2.9663	0.4130360205831904
0.10742	0.3838383838383838
0.051725	0.41304347826086957
0.05957	0.4117647058823529
0.73632	0.3783031988873436
0.098632	0.3846153846153846
0.14453	0.3897058823529412
0.078308	0.3999999999999999
0.052795	0.40425531914893614
0.44433	0.37122969837587
0.075683	0.3823529411764705
0.16696	0.39622641509433965
0.12133	0.40178571428571425
0.080078	0.3888888888888889
0.038176	0.40625
0.10913	0.38999999999999996
0.11004	0.3921568627450981
0.23339	0.3928571428571429
0.045898	0.3846153846153846
0.054687	0.3913043478260869
0.040039	0.411764705882353
0.073242	0.3999999999999999
82.282	0.36949381051599456
0.052734	0.40425531914893614
1.5902	0.37228607918263085
27.63	0.35460837086674724
4.7675	0.39770065999574195
12.43	0.3648968273387163
0.7841	0.26137841352405716
0.044921	0.5641025641025642
0.24218	0.576923076923077
0.58789	0.5319516407599311
0.22882	0.49773755656108604
1.5668	0.545219638242894
1.0053	0.5987903225806452
0.054443	0.5416666666666666
0.5083	0.4248496993987976
0.05371	0.5106382978723404
0.4687	0.5098039215686275
0.032714	0.48
0.32189	0.4984025559105432
1.0314	0.576054955839058
0.97656	0.5945945945945946
75.398	0.5938825155861593
0.27539	0.45318352059925093
9.062	0.5351549483505499
2.2753	0.49533954727030627
4.22	0.6018121125417264
2.3515	0.16730851519041506
0.040405	0.45454545454545453
22.168	0.12937347436940605
1.5371	0.4338624338624339
1.3505	0.19670905011219147
0.67773	0.2143928035982009
0.93847	0.2181425485961123
33.815	0.05717332701365643
25.606	0.078702254226675
231.71	0.019591928367281738
62.066	0.05240745221388821
46.682	0.06426073336623254
52.45	0.04218902055068979
39.828	0.03833584715937657
164.66	0.02829156843205406
3.758	0.12082330927559475
11.774	0.141725577037731
29.449	0.0686087666757419
73.72	0.05702218963035389
1.4315	0.18124118476727788
0.13964	0.5075757575757576
24.41	0.06077642810242943
9.831	0.08127676932490312
1.0163	0.21691542288557222
13.39	0.203499286626117
0.16192	0.4935064935064935
3.7414	0.12728249194414606
6.3964	0.12743557510999373
0.34179	0.43806646525679754
3.0579	0.14792899408284024
7.6005	0.17450019859658414
2.9765	0.19627749576988157
125.8	0.028361745436040964
0.026855	0.41176470588235287
226.19	0.023954850237956227
37.713	0.0791319130850555
69.325	0.035559084674799686
6.9306	0.11625886781525989
0.10937	0.5247524752475248
5.1494	0.1251218086143052
26.996	0.06275746891816662
93.79	0.02964551263587971
16.377	0.06735592805579346
79.069	0.027209679052343828
77.133	0.05660230457801309
88.369	0.0606067471735732
56.604	0.05950927842346405
13.996	0.20270076138485849
16.133	0.0724799701881871
355.35	0.01608408536894313
4.3427	0.15648148148148144
229.23	0.018231962226935128
344.27	0.014823121978430644
2.1059	0.18277511961722487
166.22	0.029194004695118278
0.1662	0.5126582278481012
74.541	0.06145146341791025
0.067138	0.5000000000000001
0.25579	0.426829268292683
10.785	0.0902668030119922
0.11132	0.5145631067961166
45.595	0.05535298510741114
0.1137	0.5188679245283019
16.574	0.08084411657999757
0.068131	0.5084745762711865
84.039	0.0720708917447802
0.1123	0.5096153846153846
17.062	0.07397179788484137
3.9614	0.17445403758252917
0.6533	0.2298136645962733
1.9111	0.1723774380600949
3.8613	0.14783966684018743
0.11523	0.48543689320388356
69.816	0.05363545102538362
0.06665	0.5500000000000002
5.9434	0.21495010992727887
0.86572	0.22599531615925056
34.588	0.06630170316301703
0.065429	0.517241379310345
26.844	0.0648027175333159
15.019	0.08454752038497527
16.461	0.0674861559057993
27.138	0.06973310199712061
160.21	0.02829646653260557
0.94531	0.21497326203208553
58.092	0.05409084642955611
2.393	0.15517241379310343
0.1748	0.506172839506173
1.8603	0.17768147345612134
2.2257	0.16817359855334538
278.23	0.0200008628810159
37.038	0.06930211178108861
2.8339	0.1672585227272727
5.4252	0.2133852428624397
11.65	0.0781330582774626
73.509	0.033603376676424546
0.96289	0.5111111111111111
50.03	0.05973376038434591
31.298	0.059196211442467686
35.335	0.057789870475866555
0.70214	0.21418234442836473
154.8	0.024892271314774495
5.9637	0.13593539703903096
2.22	0.1735387403715451
21.502	0.07629567486950037
203.34	0.019059332874151336
1.1811	0.18562874251497008
2.03	0.18833415719228866
0.18212	0.4655172413793105
55.146	0.059852954524825266
50.612	0.06340758912673604
0.065414	0.5423728813559323
193.08	0.028280085803997972
3.3222	0.16621253405994552
0.267	0.44573643410852704
41.455	0.06621732618253853
3.5576	0.1890744409849986
0.26953	0.4099616858237548
49.331	0.054010152284263965
169.49	0.02623283708959541
218.7	0.022305070789780654
8.3095	0.12112063760415409
6.3452	0.10789432051890525
17.206	0.07913752913752913
179.84	0.017332969912055757
26.243	0.06795968234575442
1.2255	0.21139554087530965
0.029663	0.5416666666666667
73.988	0.032181264795400746
198.59	0.018173667323161852
8.3315	0.1164639287004697
0.88525	0.23085714285714284
14.178	0.08254416961130744
23.306	0.06372549019607844
3.0566	0.18044122489298653
82.681	0.037758004963379936
0.84521	0.22781774580335729
10.634	0.16764316764316764
6.9146	0.11598200029031788
1.5312	0.1831357048748353
5.0068	0.11008622418287549
0.25195	0.4362139917695474
5.4785	0.1707317073170732
157.84	0.025962665990555574
1.5693	0.19099678456591643
0.22775	0.4840182648401828
51.094	0.03426724137931035
19.494	0.0754513192408579
1.541	0.19829842931937175
212.48	0.02415356582906055
0.31738	0.44480519480519476
16.413	0.034943285766556795
1.8935	0.10621348911311733
232.8	0.0048996242619430315
0.19274	0.3655913978494623
0.036132	0.4827586206896553
2.3735	0.3158790974882929
0.3728	0.4447513812154697
0.73657	0.463347164591978
2.3925	0.42693773824650566
82.29	0.2413427173926302
0.21337	0.4852941176470588
4.1586	0.31538088306647266
0.16064	0.4834437086092715
0.35766	0.5072046109510087
6.458	0.2869158878504673
0.93847	0.4256243213897936
0.3549	0.46802325581395343
0.4304	0.42822966507177035
2.3232	0.38528515454941215
0.03295	0.47999999999999987
2.3388	0.33463035019455245
0.21435	0.4926829268292683
2.0566	0.4003944773175543
0.20312	0.5128205128205127
0.31298	0.49504950495049505
0.092407	0.5232558139534883
2.531	0.38615446178471396
0.07223	0.5538461538461539
498.64	0.08263630031534595
0.297	0.7187500000000002
8.562	0.622379269729093
4.414	0.7003891050583658
3.3433	0.6305003013863774
11.019	0.6717019133937562
2.8188	0.7139777218828602
2.7474	0.6944035346097202
9.018	0.5167448091091762
1.3271	0.7436878347360367
7.3232	0.6857064017660046
0.17187	0.6625766871165644
0.49414	0.8423236514522823
11.588	0.6700269401234031
3.1447	0.6955962712954032
5.957	0.681540549711571
6.7358	0.6767918599431393
0.44403	0.8333333333333333
4.1562	0.5777453838678329
4.6433	0.6616655794737986
1.8056	0.7943820224719101
117.51	0.25600436216165556
929.35	0.18966883339182558
22.883	0.5983955109377054
157.39	0.2995826228590334
102.53	0.27106033977738714
112.52	0.25181283531892557
1695.1	0.08974985308382366
669.42	0.14751236456522618
750.95	0.14686241749339812
591.8	0.15314867592320253
98.358	0.26713625536939395
157.61	0.30925378823977884
318.1	0.1859197201309998
84.551	0.3027510984260828
532.69	0.15343303095936267
1.4038	0.5537906137184114
20.619	0.5126863847470056
116.62	0.9024825739106548
3.5248	0.684300829282242
0.32812	0.5362776025236593
77.114	0.5644183773216033
17.779	0.8835767040649491
0.21431	0.5865384615384615
15.652	0.5223332259104092
821.58	0.8864811733725693
3.0244	0.67190635451505
58.0	0.46238089452765646
1124.1	0.8794009257610823
4.5087	0.5866876545986058
7.3701	0.5239467544943051
24.894	0.5272396359959556
5.1169	0.768232750147435
6.7131	0.8008683934720768
34.16	0.9061180197090568
0.4541	0.5101580135440179
57.067	0.9096732301428521
5.4785	0.5348277139681364
345.2	0.8904220379222482
202.74	0.8930244497208496
20.465	0.8837733261497771
1.7402	0.4573598130841121
45.067	0.9056540872116284
12.12	0.8564454741022668
41.218	0.9082624544349941
91.914	0.47861807918257515
149.72	0.4929549100819635
183.2	0.5997651616159954
587.9	0.8928330700727144
27.675	0.9025043427909668
0.92578	0.5582417582417583
2.0273	0.5535
1.1372	0.4860736747529203
0.11621	0.5277777777777776
15.24	0.8747205050637904
8.5478	0.8148061104582844
9.2985	0.47739347283963984
53.22	0.22755032798009497
424.14	0.07576379647195401
1.856	0.4583560152422428
0.014648	0.25
33.228	0.5873700075357947
1.121	0.6149684400360687
160.7	0.5894618764216489
0.075683	0.5735294117647057
0.014648	0.33333333333333337
0.026367	0.526315789473684
782.35	0.5861198310249197
0.29443	0.6083916083916086
6.3466	0.6090463387632451
218.2	0.05975501818331905
12.024	0.14996244679963283
0.098632	0.5054945054945056
0.093261	0.5000000000000001
869.61	0.02792417065972262
12.717	0.15156299336911905
38.593	0.08685275500674483
5.7838	0.17534722222222224
0.29296	0.3450704225352113
182.75	0.11653218959350128
4.7187	0.1831345826235094
216.92	0.0410955113185617
15.097	0.1654714475431607
5.4258	0.1912608776152564
0.02539	0.33333333333333337
9.5913	0.20493775499529243
6.1767	0.18300016252234683
414.19	0.05773573876770205
0.023543	0.368421052631579
0.03894	0.4545454545454546
0.027343	0.42857142857142844
2.2944	0.17559262510974535
0.25732	0.4538152610441768
1742.2	0.04024779710076704
