0.027587	0.15000000000000013
2.9492	0.015975526852481315
27.065	0.004361324659964356
0.011718	0.0
0.049804	0.15909090909090923
0.98046	0.029804727646454265
0.11621	0.1559633027522937
0.023414	0.0
0.10595	0.12121212121212122
0.047973	0.1463414634146341
0.017883	0.16666666666666682
11.88	0.3013059701492538
1.7636	0.19124423963133638
10.233	0.16167076167076158
6.5092	0.26625386996904027
0.25436	0.03265306122448983
6.163	0.2713279842803339
7.0241	0.27110599741118935
15.418	0.2874901858152316
5.512	0.2504121633998901
0.99804	0.12219959266802433
15.345	0.22200380053731736
1.7121	0.18187239117471657
14.733	0.26536752136752134
12.975	0.08571870648305743
8.579	0.29990605918271496
12.26	0.2863707229014524
4.7	0.24500637484062898
9.4492	0.2944129900651642
1.324	0.21576128538638106
2.179	0.2166434216643421
9.0377	0.27414852037967624
1409.0	0.012943998955797315
7.5214	0.10241687808786215
170.06	0.033510021826225575
1660.6	0.010230530195360493
97.02	0.027092529186089745
240.12	0.022392194601710557
109.22	0.03412225001603492
284.45	0.016456853505872424
7.8051	0.10137655988678758
523.93	0.013348402468079905
1.1914	0.22382978723404265
1785.9	0.010532646500326755
89.767	0.03241700666622076
622.4	0.01871049751635541
157.12	0.037644166778115315
23.342	0.06924232667954495
231.93	0.03625595279177307
1276.2	0.01026207631518115
3.9389	0.0908163265306122
2.1386	0.09835294117647064
445.26	0.020902408999829276
48.511	0.05396871259338752
429.38	0.016257416470796527
8.2431	0.13111355043297976
26.365	0.0786251996045929
39.827	0.05285125213718195
2.0058	0.12587763289869602
0.44506	0.21379310344827582
0.25976	0.29149797570850206
168.66	0.028288903916195113
1628.6	0.01036039078667003
1104.2	0.012171638397814573
355.47	0.019663458832798686
2.706	0.10189661584232064
8.6533	0.11974936180088193
30.469	0.058837064063373065
80.12	0.04072607343185878
746.72	0.01246993018982155
21.704	0.0780456266740556
782.83	0.016796501176112835
42.326	0.05483016368625228
3.1595	0.10782442748091607
19.145	0.07427763819095484
923.0	0.014923060419323696
2.1535	0.12014960261804591
2.0242	0.10298507462686572
8.4096	0.11290322580645173
12.282	0.07635769701919146
266.78	0.019152175054179505
1.1455	0.5339892665474062
3.5937	0.45887323943661973
0.091064	0.42168674698795167
0.10205	0.463157894736842
18.971	0.29326540359815306
0.53027	0.4671814671814671
5.6953	0.44620874219446927
6.4599	0.4323055251213022
1.108	0.4407713498622591
42.753	0.4117161716171618
1.663	0.4838316046369738
3.3969	0.4362818590704648
3.9687	0.4821337417049514
2.1289	0.46498332539304427
0.024414	0.22222222222222235
1.2035	0.4353338968723585
1.1003	0.4296296296296295
7.413	0.46796276013143495
0.050537	0.37209302325581417
0.19921	0.41884816753926707
0.02539	0.2105263157894736
0.33691	0.4434250764525993
0.1311	0.4180327868852459
1320.0	0.02602820581012715
52.918	0.37483594864479314
0.56933	0.38669064748201426
0.55969	0.39560439560439553
25.204	0.3570458539702828
45.843	0.29253567508232703
3.0312	0.32778147901399063
0.40855	0.3718592964824121
9.6923	0.31029106029106035
74.849	0.3920923234005966
9.7734	0.331102645938433
0.024414	0.1764705882352942
70.013	0.41927866964221433
107.22	0.4198554162642638
0.044921	0.263157894736842
0.25317	0.3918367346938776
0.040039	0.24999999999999983
2.6308	0.23493282149712091
1.2894	0.34040880503144655
1.1538	0.12171628721541156
0.036132	0.23076923076923073
0.035522	0.2758620689655173
0.02246	0.1333333333333334
0.037353	0.2903225806451612
34.318	0.028460618785174713
1.4596	0.08827586206896557
0.028544	0.22727272727272724
0.062011	0.25454545454545446
10.888	0.07400589101620027
42.202	0.047321979221025684
0.1467	0.32374100719424453
27.076	0.03897208356442959
14.839	0.04973680658658388
0.65307	0.12577639751552802
228.14	0.022799617667949888
0.012695	0.0
2.2712	0.08362831858407092
0.214	0.2801932367149759
0.72265	0.1136044880785414
0.12158	0.2982456140350877
0.033203	0.22222222222222215
0.25097	0.2603305785123968
13.78	0.09240395809080323
0.042968	0.2972972972972974
0.028564	0.23809523809523797
0.019287	0.1666666666666666
511.94	0.00933248415607149
0.032226	0.2962962962962963
0.029785	0.17391304347826095
0.076171	0.24285714285714274
236.8	0.024894705492212232
0.031738	0.27999999999999997
0.064453	0.31578947368421056
0.25634	0.2620967741935484
8.6245	0.4297452752670501
12.344	0.4657669519420672
1.5097	0.36155913978494636
2.9189	0.39715574054804026
72.466	0.1748680802736728
5.385	0.40324100244959477
2.0976	0.3362318840579711
0.57031	0.3756708407871198
0.1562	0.32885906040268476
40.37	0.22557983109538876
1.1953	0.37404580152671757
5.6787	0.3379629629629629
1.0347	0.3392156862745098
2.707	0.3423019431988042
0.089111	0.325301204819277
0.23242	0.33035714285714285
0.45605	0.35650224215246634
32.319	0.19774169466218736
0.36059	0.34571428571428575
0.6779	0.358433734939759
0.18115	0.33333333333333326
0.31249	0.3333333333333333
7.2358	0.35067652392244386
30.557	0.19253043764396174
0.61572	0.285240464344942
0.89453	0.27954545454545454
0.54394	0.27924528301886803
0.33105	0.27499999999999986
298.7	0.10291900459022113
68.512	0.1820810096859407
0.11328	0.19230769230769243
0.44628	0.28406466512702083
0.061035	0.11111111111111108
1.2114	0.2443703085904921
0.065429	0.13793103448275862
2.8498	0.2531914893617021
2.2783	0.25521526853084786
0.084228	0.1428571428571427
0.027372	0.04347826086956526
1.4157	0.29512893982808025
1.65	0.24324324324324334
0.07312	0.1492537313432836
0.11621	0.19266055045871563
2.4531	0.24979355904211398
2.8647	0.2709950599858856
0.079101	0.13888888888888892
0.066406	0.08620689655172421
0.046386	0.1
1.075	0.2788279773156899
0.025451	0.05263157894736847
0.0312	0.08333333333333341
0.094726	0.17441860465116296
0.1123	0.20192307692307698
0.22656	0.2638888888888889
0.055664	0.12244897959183684
0.024414	0.0
7.6005	0.20159256801592562
0.037109	0.0384615384615385
0.24534	0.22689075630252103
0.09929	0.2826086956521739
0.077392	0.267605633802817
8.4726	0.03785190442394133
0.61914	0.11001642036124794
0.17346	0.23952095808383228
126.2	0.018230652215250047
0.037536	0.16666666666666682
69.506	0.009081619435529141
0.52856	0.10789980732177262
0.75195	0.25203252032520324
0.075195	0.27536231884057966
0.17724	0.2
1.4863	0.0915875169606513
1.3908	0.09492753623188407
1468.0	0.0038755201194605737
0.18115	0.21965317919075142
11.841	0.03594688319377485
7.5959	0.19147245762711868
345.0	0.1945595335913524
36.226	0.13845472903814765
393.9	0.19282490687888526
621.86	0.13224025414654644
0.17285	0.5030674846625766
2.9663	0.5197255574614066
0.10742	0.47474747474747475
0.051725	0.4347826086956521
0.05957	0.39215686274509814
0.73632	0.5479833101529903
0.098632	0.4725274725274727
0.14453	0.4926470588235294
0.078308	0.44285714285714284
0.052795	0.42553191489361697
0.44433	0.5452436194895592
0.075683	0.4411764705882353
0.16696	0.5031446540880502
0.12133	0.4732142857142857
0.080078	0.4444444444444445
0.038176	0.40625
0.10913	0.48
0.11004	0.48039215686274517
0.23339	0.5044642857142857
0.045898	0.41025641025641024
0.054687	0.4130434782608695
0.040039	0.35294117647058815
0.073242	0.41538461538461535
82.282	0.5850839563672019
0.052734	0.42553191489361697
1.5902	0.5651340996168583
27.63	0.5865465597422095
4.7675	0.5318288269107941
12.43	0.5897561373460566
0.7841	0.16384915474642392
0.044921	0.25641025641025633
0.24218	0.3376068376068375
0.58789	0.3333333333333332
0.22882	0.3031674208144796
1.5668	0.31007751937984496
1.0053	0.3286290322580646
0.054443	0.27083333333333337
0.5083	0.26653306613226446
0.05371	0.276595744680851
0.4687	0.3115468409586056
0.032714	0.24
0.32189	0.2939297124600638
1.0314	0.31501472031403344
0.97656	0.34927234927234924
75.398	0.2688529384396559
0.27539	0.2621722846441948
9.062	0.3168943685438186
2.2753	0.29427430093209056
4.22	0.35765379113018597
2.3515	0.1091142490372272
0.040405	0.24242424242424243
22.168	0.09754995027574358
1.5371	0.28439153439153436
1.3505	0.15632011967090498
0.67773	0.1739130434782609
0.93847	0.1717062634989201
33.815	0.050804277631306106
25.606	0.06970100187852224
231.71	0.018430573424399677
62.066	0.044810065327849015
46.682	0.05724461990688094
52.45	0.03768580533134887
39.828	0.03471593765711413
164.66	0.020872323359988336
3.758	0.10237904303662122
11.774	0.1263095136700452
29.449	0.05877348216716579
73.72	0.04481381895217143
1.4315	0.14174894217207334
0.13964	0.34848484848484845
24.41	0.0528972422849639
9.831	0.06761166632673875
1.0163	0.17810945273631842
13.39	0.18390027784035445
0.16192	0.3636363636363636
3.7414	0.11170784103114932
6.3964	0.10465116279069767
0.34179	0.35951661631419946
3.0579	0.12393162393162394
7.6005	0.15464054018270884
2.9765	0.16446700507614212
125.8	0.02376598180777304
0.026855	0.11764705882352951
226.19	0.017399996461617395
37.713	0.06972852361472669
69.325	0.03202194470511802
6.9306	0.0994643115679745
0.10937	0.31683168316831684
5.1494	0.10738647437146757
26.996	0.05566895527927259
93.79	0.025602457835952254
16.377	0.05352991557567602
79.069	0.02464057912321555
77.133	0.0440932212187273
88.369	0.044089992523279775
56.604	0.05084116117391074
13.996	0.1782071541445195
16.133	0.05782249549717408
355.35	0.011307275275996601
4.3427	0.13240740740740742
229.23	0.014396180801019386
344.27	0.011098456675343992
2.1059	0.15263157894736842
166.22	0.021754048034671642
0.1662	0.3544303797468354
74.541	0.0458703273381778
0.067138	0.28333333333333327
0.25579	0.3455284552845529
10.785	0.07390536394905642
0.11132	0.32038834951456313
45.595	0.049466239072178536
0.1137	0.3207547169811322
16.574	0.06832748820897327
0.068131	0.25423728813559315
84.039	0.050858156957562614
0.1123	0.326923076923077
17.062	0.06774383078730904
3.9614	0.14677501269680038
0.6533	0.1801242236024845
1.9111	0.1349499209277807
3.8613	0.12623633524206143
0.11523	0.3398058252427185
69.816	0.043266886562455184
0.06665	0.26666666666666655
5.9434	0.189074919668527
0.86572	0.17330210772833726
34.588	0.05868381415826672
0.065429	0.2931034482758619
26.844	0.05782224047183545
15.019	0.07625985830771287
16.461	0.05428101989898377
27.138	0.06282993096828972
160.21	0.022132570600651987
0.94531	0.16577540106951874
58.092	0.04364833195478356
2.393	0.1269974768713204
0.1748	0.33950617283950607
1.8603	0.13813651137594798
2.2257	0.13969258589511752
278.23	0.014708525983504594
37.038	0.06213665738312198
2.8339	0.1392045454545455
5.4252	0.17018909899888762
11.65	0.06558363417569195
73.509	0.030049697052215944
0.96289	0.4380952380952382
50.03	0.05234711240116106
31.298	0.0534685780110073
35.335	0.05356687356517302
0.70214	0.1780028943560058
154.8	0.019820785983319014
5.9637	0.11238223418573354
2.22	0.14136837335749886
21.502	0.06753355704697986
203.34	0.015172685230738956
1.1811	0.15312232677502138
2.03	0.15472071181413738
0.18212	0.32758620689655166
55.146	0.05097576472723972
50.612	0.05408934435959324
0.065414	0.271186440677966
193.08	0.02075151037834589
3.3222	0.14350590372388733
0.267	0.3488372093023256
41.455	0.05807604966903416
3.5576	0.16190206623266346
0.26953	0.33333333333333337
49.331	0.048487309644670046
169.49	0.020802096738014003
218.7	0.016518377896205482
8.3095	0.09853882381354907
6.3452	0.09191583610188261
17.206	0.07039627039627039
179.84	0.014178992395966027
26.243	0.06353084911423337
1.2255	0.16845582163501235
0.029663	0.1666666666666666
73.988	0.030774433547514378
198.59	0.014667882274126201
8.3315	0.09550764783813075
0.88525	0.1725714285714286
14.178	0.06643109540636041
23.306	0.05736154110767114
3.0566	0.1534408956206783
82.681	0.03301252950789905
0.84521	0.17865707434052758
10.634	0.15535815535815534
6.9146	0.09551458847437945
1.5312	0.15415019762845852
5.0068	0.09444555845197512
0.25195	0.3497942386831276
5.4785	0.14175683110214557
157.84	0.020384749469147152
1.5693	0.15305466237942125
0.22775	0.35616438356164376
51.094	0.029956896551724135
19.494	0.06660494779612197
1.541	0.15903141361256545
212.48	0.01848948401768437
0.31738	0.3636363636363637
16.413	0.038602268569337767
1.8935	0.10408921933085491
232.8	0.005998926462694624
0.19274	0.22580645161290328
0.036132	0.1379310344827585
2.3735	0.2830991911451681
0.3728	0.40883977900552476
0.73657	0.3499308437067772
2.3925	0.35747564591274883
82.29	0.2576875693741385
0.21337	0.4313725490196079
4.1586	0.2959728287239204
0.16064	0.40397350993377484
0.35766	0.3659942363112393
6.458	0.29127725856697817
0.93847	0.3941368078175896
0.3549	0.4098837209302326
0.4304	0.3851674641148325
2.3232	0.348280365694384
0.03295	0.2000000000000001
2.3388	0.3056636402939905
0.21435	0.3902439024390245
2.0566	0.3836291913214989
0.20312	0.34871794871794876
0.31298	0.3564356435643565
0.092407	0.32558139534883734
2.531	0.339735894357743
0.07223	0.29230769230769227
498.64	0.08640599940182628
0.297	0.11805555555555539
8.562	0.2720848056537101
4.414	0.2666514076447701
3.3433	0.2706449668474984
11.019	0.2921358601116909
2.8188	0.21703197987782968
2.7474	0.2592047128129602
9.018	0.2431346282652377
1.3271	0.20734506503443
7.3232	0.27179911699779224
0.17187	0.042944785276073656
0.49414	0.07883817427385888
11.588	0.28052489788824203
3.1447	0.25393764063002255
5.957	0.2774007465218867
6.7358	0.2753254526410296
0.44403	0.08796296296296291
4.1562	0.22546161321671523
4.6433	0.2944118286584042
1.8056	0.16460674157303373
117.51	0.05617987100951662
929.35	0.027883578175429375
22.883	0.12340537459997378
157.39	0.055824192604280655
102.53	0.05657098223003321
112.52	0.05624905465642877
1695.1	0.014703418131698245
669.42	0.027238662639059327
750.95	0.026187602092343425
591.8	0.026883847040646957
98.358	0.05397894993994418
157.61	0.0583817783284094
318.1	0.041023963153937366
84.551	0.07275074314001824
532.69	0.035253586503438565
1.4038	0.308303249097473
20.619	0.3213395257883158
116.62	0.07922432441712737
3.5248	0.2307692307692307
0.32812	0.32176656151419547
77.114	0.294219615509938
17.779	0.08817725658228542
0.21431	0.26442307692307704
15.652	0.3084756687077024
821.58	0.09817567946135161
3.0244	0.26555183946488303
58.0	0.3355086172483819
1124.1	0.10548424425850102
4.5087	0.329435574544637
7.3701	0.34472348017016613
24.894	0.35385237613751247
5.1169	0.17338313347749154
6.7131	0.14433298397963756
34.16	0.06986156733927747
0.4541	0.33408577878103857
57.067	0.06846021550665123
5.4785	0.36921081882178586
345.2	0.09273297020891733
202.74	0.08888384284649439
20.465	0.0830190527501591
1.7402	0.4217289719626169
45.067	0.07058718940303138
12.12	0.10284626840973062
41.218	0.0688699878493316
91.914	0.31139165727663565
149.72	0.39283340829300084
183.2	0.3112376750999983
587.9	0.09177639641602447
27.675	0.07371887666473652
0.92578	0.334065934065934
2.0273	0.3125
1.1372	0.40431266846361175
0.11621	0.28703703703703726
15.24	0.09351571747994217
8.5478	0.12878965922444174
9.2985	0.25555676027323
53.22	0.1356593530875368
424.14	0.04722230087493273
1.856	0.2449646162221012
0.014648	0.125
33.228	0.39490580256217095
1.121	0.35978358881875566
160.7	0.3961549247499466
0.075683	0.2647058823529412
0.014648	0.0
0.026367	0.15789473684210542
782.35	0.40443194862666165
0.29443	0.34965034965034947
6.3466	0.37039380041119735
218.2	0.02920795938676586
12.024	0.10114328632228992
0.098632	0.3076923076923077
0.093261	0.29069767441860467
869.61	0.011329313823143086
12.717	0.10419955794126934
38.593	0.05458130123482414
5.7838	0.12656250000000002
0.29296	0.22535211267605626
182.75	0.050296068668211374
4.7187	0.12457410562180576
216.92	0.021055107650868037
15.097	0.10252324037184594
5.4258	0.13460470283280876
0.02539	0.11111111111111122
9.5913	0.13212679150538764
6.1767	0.11425320981634975
414.19	0.025651740187967734
0.023543	0.15789473684210514
0.03894	0.18181818181818177
0.027343	0.142857142857143
2.2944	0.12467076382791924
0.25732	0.3052208835341365
1742.2	0.015658108431611518
