0.027587
2.9492
27.065
0.011718
0.049804
0.98046
0.11621
0.023414
0.10595
0.047973
0.017883
11.88
1.7636
10.233
6.5092
0.25436
6.163
7.0241
15.418
5.512
0.99804
15.345
1.7121
14.733
12.975
8.579
12.26
4.7
9.4492
1.324
2.179
9.0377
1409.0
7.5214
170.06
1660.6
97.02
240.12
109.22
284.45
7.8051
523.93
1.1914
1785.9
89.767
622.4
157.12
23.342
231.93
1276.2
3.9389
2.1386
445.26
48.511
429.38
8.2431
26.365
39.827
2.0058
0.44506
0.25976
168.66
1628.6
1104.2
355.47
2.706
8.6533
30.469
80.12
746.72
21.704
782.83
42.326
3.1595
19.145
923.0
2.1535
2.0242
8.4096
12.282
266.78
1.1455
3.5937
0.091064
0.10205
18.971
0.53027
5.6953
6.4599
1.108
42.753
1.663
3.3969
3.9687
2.1289
0.024414
1.2035
1.1003
7.413
0.050537
0.19921
0.02539
0.33691
0.1311
1320.0
52.918
0.56933
0.55969
25.204
45.843
3.0312
0.40855
9.6923
74.849
9.7734
0.024414
70.013
107.22
0.044921
0.25317
0.040039
2.6308
1.2894
1.1538
0.036132
0.035522
0.02246
0.037353
34.318
1.4596
0.028544
0.062011
10.888
42.202
0.1467
27.076
14.839
0.65307
228.14
0.012695
2.2712
0.214
0.72265
0.12158
0.033203
0.25097
13.78
0.042968
0.028564
0.019287
511.94
0.032226
0.029785
0.076171
236.8
0.031738
0.064453
0.25634
8.6245
12.344
1.5097
2.9189
72.466
5.385
2.0976
0.57031
0.1562
40.37
1.1953
5.6787
1.0347
2.707
0.089111
0.23242
0.45605
32.319
0.36059
0.6779
0.18115
0.31249
7.2358
30.557
0.61572
0.89453
0.54394
0.33105
298.7
68.512
0.11328
0.44628
0.061035
1.2114
0.065429
2.8498
2.2783
0.084228
0.027372
1.4157
1.65
0.07312
0.11621
2.4531
2.8647
0.079101
0.066406
0.046386
1.075
0.025451
0.0312
0.094726
0.1123
0.22656
0.055664
0.024414
7.6005
0.037109
0.24534
0.09929
0.077392
8.4726
0.61914
0.17346
126.2
0.037536
69.506
0.52856
0.75195
0.075195
0.17724
1.4863
1.3908
1468.0
0.18115
11.841
7.5959
345.0
36.226
393.9
621.86
0.17285
2.9663
0.10742
0.051725
0.05957
0.73632
0.098632
0.14453
0.078308
0.052795
0.44433
0.075683
0.16696
0.12133
0.080078
0.038176
0.10913
0.11004
0.23339
0.045898
0.054687
0.040039
0.073242
82.282
0.052734
1.5902
27.63
4.7675
12.43
0.7841
0.044921
0.24218
0.58789
0.22882
1.5668
1.0053
0.054443
0.5083
0.05371
0.4687
0.032714
0.32189
1.0314
0.97656
75.398
0.27539
9.062
2.2753
4.22
2.3515
0.040405
22.168
1.5371
1.3505
0.67773
0.93847
33.815
25.606
231.71
62.066
46.682
52.45
39.828
164.66
3.758
11.774
29.449
73.72
1.4315
0.13964
24.41
9.831
1.0163
13.39
0.16192
3.7414
6.3964
0.34179
3.0579
7.6005
2.9765
125.8
0.026855
226.19
37.713
69.325
6.9306
0.10937
5.1494
26.996
93.79
16.377
79.069
77.133
88.369
56.604
13.996
16.133
355.35
4.3427
229.23
344.27
2.1059
166.22
0.1662
74.541
0.067138
0.25579
10.785
0.11132
45.595
0.1137
16.574
0.068131
84.039
0.1123
17.062
3.9614
0.6533
1.9111
3.8613
0.11523
69.816
0.06665
5.9434
0.86572
34.588
0.065429
26.844
15.019
16.461
27.138
160.21
0.94531
58.092
2.393
0.1748
1.8603
2.2257
278.23
37.038
2.8339
5.4252
11.65
73.509
0.96289
50.03
31.298
35.335
0.70214
154.8
5.9637
2.22
21.502
203.34
1.1811
2.03
0.18212
55.146
50.612
0.065414
193.08
3.3222
0.267
41.455
3.5576
0.26953
49.331
169.49
218.7
8.3095
6.3452
17.206
179.84
26.243
1.2255
0.029663
73.988
198.59
8.3315
0.88525
14.178
23.306
3.0566
82.681
0.84521
10.634
6.9146
1.5312
5.0068
0.25195
5.4785
157.84
1.5693
0.22775
51.094
19.494
1.541
212.48
0.31738
16.413
1.8935
232.8
0.19274
0.036132
2.3735
0.3728
0.73657
2.3925
82.29
0.21337
4.1586
0.16064
0.35766
6.458
0.93847
0.3549
0.4304
2.3232
0.03295
2.3388
0.21435
2.0566
0.20312
0.31298
0.092407
2.531
0.07223
498.64
0.297
8.562
4.414
3.3433
11.019
2.8188
2.7474
9.018
1.3271
7.3232
0.17187
0.49414
11.588
3.1447
5.957
6.7358
0.44403
4.1562
4.6433
1.8056
117.51
929.35
22.883
157.39
102.53
112.52
1695.1
669.42
750.95
591.8
98.358
157.61
318.1
84.551
532.69
1.4038
20.619
116.62
3.5248
0.32812
77.114
17.779
0.21431
15.652
821.58
3.0244
58.0
1124.1
4.5087
7.3701
24.894
5.1169
6.7131
34.16
0.4541
57.067
5.4785
345.2
202.74
20.465
1.7402
45.067
12.12
41.218
91.914
149.72
183.2
587.9
27.675
0.92578
2.0273
1.1372
0.11621
15.24
8.5478
9.2985
53.22
424.14
1.856
0.014648
33.228
1.121
160.7
0.075683
0.014648
0.026367
782.35
0.29443
6.3466
218.2
12.024
0.098632
0.093261
869.61
12.717
38.593
5.7838
0.29296
182.75
4.7187
216.92
15.097
5.4258
0.02539
9.5913
6.1767
414.19
0.023543
0.03894
0.027343
2.2944
0.25732
1742.2
