0.4499999999999997
0.04282800815771593
0.009757539917208943
0.2
0.4545454545454545
0.07810894141829397
0.4128440366972477
0.625
0.3434343434343434
0.5121951219512194
0.4166666666666666
0.5842944369063771
0.7747695852534562
0.33867321867321865
0.6650154798761609
0.8285714285714285
0.597838545930899
0.6631669782827557
0.627649829887464
0.6891372046162302
0.8217922606924646
0.41779699888604943
0.7638640429338104
0.5324444444444444
0.22605601114033733
0.6533583842179426
0.5472224501518012
0.6472588185295368
0.6397820745646831
0.730680948737567
0.7438400743840076
0.6729201563372418
0.012015424689718572
0.11790626251836037
0.03418069290912408
0.008844217474044274
0.03154779093271728
0.02270464382871117
0.038071414827235486
0.017645404036852108
0.11462755692782718
0.013199492943979483
0.38297872340425526
0.010094182881327544
0.03903863732637728
0.01837463098874929
0.03759958732160259
0.07473706804035206
0.03432345227413901
0.009869490775023412
0.1466836734693877
0.16752941176470587
0.019866835593174655
0.06232715565278409
0.015723966353041494
0.13904134650567132
0.08558284541099534
0.054359851151563915
0.19508525576730198
0.39080459770114945
0.5506072874493927
0.030400635892325386
0.009087448035320626
0.012055700779499337
0.018774269795711656
0.17032354034957228
0.12752378742167558
0.06458929099694315
0.04787187527327694
0.011642173277113711
0.08524983836704537
0.016589515538616244
0.06618412337969529
0.16698473282442747
0.07741834170854273
0.014271828985108361
0.19869097709209904
0.18059701492537314
0.1272401433691756
0.0841159657002858
0.019695844862882724
0.40787119856887283
0.44732394366197187
0.43373493975903615
0.43157894736842106
0.4357055670540786
0.39575289575289585
0.375735950044603
0.4427922992643606
0.4279155188246096
0.47081565299387074
0.4161073825503356
0.36071964017991015
0.4780500255232261
0.4325869461648404
0.4444444444444445
0.39306846999154677
0.39722222222222237
0.3891018619934282
0.46511627906976744
0.4869109947643978
0.4736842105263159
0.4403669724770642
0.45081967213114754
0.02551600660403592
0.3510794103661436
0.4748201438848922
0.45604395604395603
0.337314267454865
0.3187266739846324
0.36342438374417063
0.4497487437185929
0.28721413721413724
0.4005427627159631
0.2852877586739421
0.47058823529411753
0.4131883953639048
0.33501795576225263
0.5526315789473685
0.4816326530612245
0.5312500000000001
0.2656429942418426
0.3435534591194968
0.11120840630472856
0.5000000000000001
0.4482758620689654
0.5333333333333333
0.4516129032258065
0.020995538448079887
0.08965517241379305
0.5000000000000001
0.4545454545454546
0.053939617083947046
0.03164286730869584
0.44604316546762596
0.027287853577371048
0.03644216493453908
0.14440993788819878
0.01377623052167273
0.2857142857142857
0.07522123893805302
0.34782608695652173
0.13744740532959326
0.4122807017543859
0.4444444444444445
0.3140495867768595
0.0665745052386496
0.5135135135135135
0.38095238095238093
0.4166666666666667
0.005808138035587302
0.4444444444444445
0.47826086956521735
0.41428571428571426
0.014578589623896864
0.48
0.5087719298245613
0.278225806451613
0.2886489024533396
0.35097103357472026
0.45631720430107514
0.46479361775927847
0.10453859257925574
0.3280572828339928
0.3782608695652173
0.49016100178890876
0.4966442953020133
0.13494930370444183
0.4342663273960984
0.2662037037037037
0.40784313725490196
0.3800448430493273
0.4939759036144579
0.4910714285714286
0.4753363228699552
0.1245178549209904
0.5
0.48795180722891557
0.5146198830409356
0.46527777777777785
0.37578462826056636
0.23053636064494906
0.4709784411276948
0.4727272727272727
0.5169811320754716
0.525
0.1543818647647638
0.23447314352803056
0.5384615384615384
0.5219399538106235
0.5185185185185185
0.4328607172643869
0.48275862068965514
0.3907801418439717
0.42032845095428306
0.5454545454545456
0.30434782608695643
0.4541547277936963
0.4287469287469286
0.5223880597014925
0.5412844036697249
0.3947151114781173
0.4043754410726888
0.5555555555555556
0.5172413793103448
0.4000000000000001
0.4565217391304348
0.15789473684210523
0.29166666666666663
0.5232558139534882
0.5576923076923077
0.5185185185185185
0.510204081632653
0.11111111111111102
0.26011944260119446
0.26923076923076933
0.2941176470588236
0.4456521739130435
0.4225352112676057
0.03229240596167494
0.1395730706075534
0.31137724550898205
0.012019078405273503
0.43333333333333324
0.008146111886702837
0.15028901734104044
0.23170731707317072
0.46376811594202894
0.30588235294117644
0.08887381275440978
0.09202898550724639
0.002427224149347518
0.3179190751445087
0.030533705489300515
0.7530455508474576
0.6808799746820007
0.8302580984259591
0.6569379997711701
0.8050797106233064
0.38650306748466257
0.4130360205831904
0.3838383838383838
0.41304347826086957
0.4117647058823529
0.3783031988873436
0.3846153846153846
0.3897058823529412
0.3999999999999999
0.40425531914893614
0.37122969837587
0.3823529411764705
0.39622641509433965
0.40178571428571425
0.3888888888888889
0.40625
0.38999999999999996
0.3921568627450981
0.3928571428571429
0.3846153846153846
0.3913043478260869
0.411764705882353
0.3999999999999999
0.36949381051599456
0.40425531914893614
0.37228607918263085
0.35460837086674724
0.39770065999574195
0.3648968273387163
0.26137841352405716
0.5641025641025642
0.576923076923077
0.5319516407599311
0.49773755656108604
0.545219638242894
0.5987903225806452
0.5416666666666666
0.4248496993987976
0.5106382978723404
0.5098039215686275
0.48
0.4984025559105432
0.576054955839058
0.5945945945945946
0.5938825155861593
0.45318352059925093
0.5351549483505499
0.49533954727030627
0.6018121125417264
0.16730851519041506
0.45454545454545453
0.12937347436940605
0.4338624338624339
0.19670905011219147
0.2143928035982009
0.2181425485961123
0.05717332701365643
0.078702254226675
0.019591928367281738
0.05240745221388821
0.06426073336623254
0.04218902055068979
0.03833584715937657
0.02829156843205406
0.12082330927559475
0.141725577037731
0.0686087666757419
0.05702218963035389
0.18124118476727788
0.5075757575757576
0.06077642810242943
0.08127676932490312
0.21691542288557222
0.203499286626117
0.4935064935064935
0.12728249194414606
0.12743557510999373
0.43806646525679754
0.14792899408284024
0.17450019859658414
0.19627749576988157
0.028361745436040964
0.41176470588235287
0.023954850237956227
0.0791319130850555
0.035559084674799686
0.11625886781525989
0.5247524752475248
0.1251218086143052
0.06275746891816662
0.02964551263587971
0.06735592805579346
0.027209679052343828
0.05660230457801309
0.0606067471735732
0.05950927842346405
0.20270076138485849
0.0724799701881871
0.01608408536894313
0.15648148148148144
0.018231962226935128
0.014823121978430644
0.18277511961722487
0.029194004695118278
0.5126582278481012
0.06145146341791025
0.5000000000000001
0.426829268292683
0.0902668030119922
0.5145631067961166
0.05535298510741114
0.5188679245283019
0.08084411657999757
0.5084745762711865
0.0720708917447802
0.5096153846153846
0.07397179788484137
0.17445403758252917
0.2298136645962733
0.1723774380600949
0.14783966684018743
0.48543689320388356
0.05363545102538362
0.5500000000000002
0.21495010992727887
0.22599531615925056
0.06630170316301703
0.517241379310345
0.0648027175333159
0.08454752038497527
0.0674861559057993
0.06973310199712061
0.02829646653260557
0.21497326203208553
0.05409084642955611
0.15517241379310343
0.506172839506173
0.17768147345612134
0.16817359855334538
0.0200008628810159
0.06930211178108861
0.1672585227272727
0.2133852428624397
0.0781330582774626
0.033603376676424546
0.5111111111111111
0.05973376038434591
0.059196211442467686
0.057789870475866555
0.21418234442836473
0.024892271314774495
0.13593539703903096
0.1735387403715451
0.07629567486950037
0.019059332874151336
0.18562874251497008
0.18833415719228866
0.4655172413793105
0.059852954524825266
0.06340758912673604
0.5423728813559323
0.028280085803997972
0.16621253405994552
0.44573643410852704
0.06621732618253853
0.1890744409849986
0.4099616858237548
0.054010152284263965
0.02623283708959541
0.022305070789780654
0.12112063760415409
0.10789432051890525
0.07913752913752913
0.017332969912055757
0.06795968234575442
0.21139554087530965
0.5416666666666667
0.032181264795400746
0.018173667323161852
0.1164639287004697
0.23085714285714284
0.08254416961130744
0.06372549019607844
0.18044122489298653
0.037758004963379936
0.22781774580335729
0.16764316764316764
0.11598200029031788
0.1831357048748353
0.11008622418287549
0.4362139917695474
0.1707317073170732
0.025962665990555574
0.19099678456591643
0.4840182648401828
0.03426724137931035
0.0754513192408579
0.19829842931937175
0.02415356582906055
0.44480519480519476
0.034943285766556795
0.10621348911311733
0.0048996242619430315
0.3655913978494623
0.4827586206896553
0.3158790974882929
0.4447513812154697
0.463347164591978
0.42693773824650566
0.2413427173926302
0.4852941176470588
0.31538088306647266
0.4834437086092715
0.5072046109510087
0.2869158878504673
0.4256243213897936
0.46802325581395343
0.42822966507177035
0.38528515454941215
0.47999999999999987
0.33463035019455245
0.4926829268292683
0.4003944773175543
0.5128205128205127
0.49504950495049505
0.5232558139534883
0.38615446178471396
0.5538461538461539
0.08263630031534595
0.7187500000000002
0.622379269729093
0.7003891050583658
0.6305003013863774
0.6717019133937562
0.7139777218828602
0.6944035346097202
0.5167448091091762
0.7436878347360367
0.6857064017660046
0.6625766871165644
0.8423236514522823
0.6700269401234031
0.6955962712954032
0.681540549711571
0.6767918599431393
0.8333333333333333
0.5777453838678329
0.6616655794737986
0.7943820224719101
0.25600436216165556
0.18966883339182558
0.5983955109377054
0.2995826228590334
0.27106033977738714
0.25181283531892557
0.08974985308382366
0.14751236456522618
0.14686241749339812
0.15314867592320253
0.26713625536939395
0.30925378823977884
0.1859197201309998
0.3027510984260828
0.15343303095936267
0.5537906137184114
0.5126863847470056
0.9024825739106548
0.684300829282242
0.5362776025236593
0.5644183773216033
0.8835767040649491
0.5865384615384615
0.5223332259104092
0.8864811733725693
0.67190635451505
0.46238089452765646
0.8794009257610823
0.5866876545986058
0.5239467544943051
0.5272396359959556
0.768232750147435
0.8008683934720768
0.9061180197090568
0.5101580135440179
0.9096732301428521
0.5348277139681364
0.8904220379222482
0.8930244497208496
0.8837733261497771
0.4573598130841121
0.9056540872116284
0.8564454741022668
0.9082624544349941
0.47861807918257515
0.4929549100819635
0.5997651616159954
0.8928330700727144
0.9025043427909668
0.5582417582417583
0.5535
0.4860736747529203
0.5277777777777776
0.8747205050637904
0.8148061104582844
0.47739347283963984
0.22755032798009497
0.07576379647195401
0.4583560152422428
0.25
0.5873700075357947
0.6149684400360687
0.5894618764216489
0.5735294117647057
0.33333333333333337
0.526315789473684
0.5861198310249197
0.6083916083916086
0.6090463387632451
0.05975501818331905
0.14996244679963283
0.5054945054945056
0.5000000000000001
0.02792417065972262
0.15156299336911905
0.08685275500674483
0.17534722222222224
0.3450704225352113
0.11653218959350128
0.1831345826235094
0.0410955113185617
0.1654714475431607
0.1912608776152564
0.33333333333333337
0.20493775499529243
0.18300016252234683
0.05773573876770205
0.368421052631579
0.4545454545454546
0.42857142857142844
0.17559262510974535
0.4538152610441768
0.04024779710076704
